Feel free to place comments here.


!!!!!!!!!!!!!!!!!!!!!!!!!!!!!!!!!!!!!!!!!!!!!!!!!!!!!!!!!!!!!!!!!!!!!!!!!
!!! Warning:  This is a KLT data file.  Do not modify below this line !!!

------------------------------
KLT Feature List
------------------------------

nFeatures = 150

feature | (x,y)=val
--------+-------------
      0 | ( 81, 71)= 0
      1 | ( -1, -1)=-4
      2 | (148,122)= 0
      3 | (135,122)= 0
      4 | (168,189)= 0
      5 | (108,112)= 0
      6 | (109,141)= 0
      7 | ( 87, 90)= 0
      8 | (127,207)= 0
      9 | ( 50, 64)= 0
     10 | (155,195)= 0
     11 | (114,208)= 0
     12 | ( 87,104)= 0
     13 | (130,154)= 0
     14 | ( -1, -1)=-4
     15 | (199,198)= 0
     16 | (181,114)= 0
     17 | (165,204)= 0
     18 | (108,131)= 0
     19 | ( 27, 71)= 0
     20 | (158,118)= 0
     21 | (118,115)= 0
     22 | ( -1, -1)=-4
     23 | ( 92, 42)= 0
     24 | ( 26,105)= 0
     25 | (198,187)= 0
     26 | (106, 58)= 0
     27 | (165,129)= 0
     28 | ( -1, -1)=-5
     29 | (190,117)= 0
     30 | (150,140)= 0
     31 | (131,168)= 0
     32 | (105, 40)= 0
     33 | (128,133)= 0
     34 | (131,110)= 0
     35 | (135,183)= 0
     36 | ( -1, -1)=-4
     37 | ( -1, -1)=-4
     38 | (204,158)= 0
     39 | (186,182)= 0
     40 | (128,143)= 0
     41 | (199,115)= 0
     42 | ( -1, -1)=-4
     43 | (191,172)= 0
     44 | (193,127)= 0
     45 | (137,207)= 0
     46 | (205,132)= 0
     47 | (153,205)= 0
     48 | (200,208)= 0
     49 | ( 74,109)= 0
     50 | ( 72, 69)= 0
     51 | ( 87, 31)= 0
     52 | (204,176)= 0
     53 | (138,142)= 0
     54 | (181,155)= 0
     55 | (179,125)= 0
     56 | (107,158)= 0
     57 | ( 99, 95)= 0
     58 | (120,197)= 0
     59 | (192,156)= 0
     60 | ( -1, -1)=-4
     61 | ( -1, -1)=-4
     62 | ( -1, -1)=-4
     63 | (145,186)= 0
     64 | (117,173)= 0
     65 | (138,132)= 0
     66 | ( 60,109)= 0
     67 | (143,197)= 0
     68 | (145,152)= 0
     69 | (151,176)= 0
     70 | (205,148)= 0
     71 | ( 49,109)= 0
     72 | (191,138)= 0
     73 | (188,192)= 0
     74 | ( 97, 25)= 0
     75 | (178,192)= 0
     76 | (117,155)= 0
     77 | (160,139)= 0
     78 | (141,172)= 0
     79 | (107,171)= 0
     80 | (168,118)= 0
     81 | (142,112)= 0
     82 | ( 50, 74)= 0
     83 | (173,140)= 0
     84 | (161,170)= 0
     85 | ( 92, 80)= 0
     86 | (169,160)= 0
     87 | ( 50, 52)= 0
     88 | (118,125)= 0
     89 | (155,154)= 0
     90 | ( 53, 34)= 0
     91 | (171,173)= 0
     92 | (103, 85)= 0
     93 | (151,166)= 0
     94 | ( 51, 41)= 0
     95 | ( -1, -1)=-4
     96 | ( 62, 70)= 0
     97 | ( -1, -1)=-4
     98 | ( -1, -1)=-4
     99 | ( -1, -1)=-4
    100 | (181,165)= 0
    101 | ( 36,109)= 0
    102 | (171,150)= 0
    103 | ( 96, 52)= 0
    104 | ( 38, 68)= 0
    105 | ( -1, -1)=-4
    106 | ( -1, -1)=-4
    107 | ( 28, 87)= 0
    108 | ( -1, -1)=-4
    109 | ( -1, -1)=-4
    110 | ( -1, -1)=-4
    111 | (106,181)= 0
    112 | ( 38, 41)= 0
    113 | ( -1, -1)=-4
    114 | ( -1, -1)=-4
    115 | ( -1, -1)=-4
    116 | ( 40, 30)= 0
    117 | ( -1, -1)=-4
    118 | ( -1, -1)=-3
    119 | ( 38, 52)= 0
    120 | ( -1, -1)=-3
    121 | ( -1, -1)=-4
    122 | ( -1, -1)=-4
    123 | ( -1, -1)=-3
    124 | ( 71, 81)= 0
    125 | ( 50, 86)= 0
    126 | ( -1, -1)=-4
    127 | ( 30, 55)= 0
    128 | ( 76, 97)= 0
    129 | ( -1, -1)=-4
    130 | ( -1, -1)=-1
    131 | ( -1, -1)=-1
    132 | ( -1, -1)=-1
    133 | ( -1, -1)=-1
    134 | ( -1, -1)=-1
    135 | ( -1, -1)=-1
    136 | ( -1, -1)=-1
    137 | ( -1, -1)=-1
    138 | ( -1, -1)=-1
    139 | ( -1, -1)=-1
    140 | ( -1, -1)=-1
    141 | ( -1, -1)=-1
    142 | ( -1, -1)=-1
    143 | ( -1, -1)=-1
    144 | ( -1, -1)=-1
    145 | ( -1, -1)=-1
    146 | ( -1, -1)=-1
    147 | ( -1, -1)=-1
    148 | ( -1, -1)=-1
    149 | ( -1, -1)=-1
