Feel free to place comments here.


!!!!!!!!!!!!!!!!!!!!!!!!!!!!!!!!!!!!!!!!!!!!!!!!!!!!!!!!!!!!!!!!!!!!!!!!!
!!! Warning:  This is a KLT data file.  Do not modify below this line !!!

------------------------------
KLT Feature Table
------------------------------

nFrames = 10, nFeatures = 150

feature |          frame
        |           0           1           2           3           4           5           6           7           8           9
--------+-------------------------------------------------------------------------------------------------------------------------
      0 | ( 86, 71)=30785( 81, 71)= 0( 81, 71)= 0( 72, 71)= 0( 68, 71)= 0( 63, 71)= 0( 59, 71)= 0( 54, 71)= 0( 50, 70)= 0( 46, 70)= 0
      1 | ( 83, 20)=18064( -1, -1)=-4( -1, -1)=-4( -1, -1)=-4( -1, -1)=-4( -1, -1)=-4( -1, -1)=-4( -1, -1)=-4( -1, -1)=-4( -1, -1)=-4
      2 | (150,122)=16856(148,122)= 0(148,122)= 0(144,122)= 0(141,122)= 0(139,122)= 0(137,122)= 0(135,122)= 0(133,122)= 0(131,122)= 0
      3 | (138,122)=15954(135,122)= 0(135,122)= 0(130,122)= 0(128,122)= 0(125,122)= 0(123,122)= 0(121,122)= 0(118,122)= 0(116,122)= 0
      4 | (173,189)=15545(168,189)= 0(168,189)= 0(159,189)= 0(154,189)= 0(150,188)= 0(145,188)= 0(141,188)= 0(136,188)= 0(132,188)= 0
      5 | (111,112)=15398(108,112)= 0(108,112)= 0(102,112)= 0( 99,112)= 0( 96,112)= 0( 94,112)= 0( 91,112)= 0( 88,112)= 0( 85,112)= 0
      6 | (112,141)=14339(109,141)= 0(109,141)= 0(103,141)= 0(100,141)= 0( 98,141)= 0( 95,141)= 0( 92,141)= 0( 89,140)= 0( 86,140)= 0
      7 | ( 92, 90)=13192( 87, 90)= 0( 87, 90)= 0( 78, 90)= 0( 74, 90)= 0( 69, 90)= 0( 65, 90)= 0( 60, 90)= 0( 56, 90)= 0( 52, 90)= 0
      8 | (131,207)=11096(127,207)= 0(127,207)= 0(119,207)= 0(114,207)= 0(110,206)= 0(106,206)= 0(101,206)= 0( 97,206)= 0( 93,206)= 0
      9 | ( 52, 64)=10204( 50, 64)= 0( 50, 64)= 0( 44, 64)= 0( 42, 64)= 0( 39, 64)= 0( 37, 64)= 0( 34, 64)= 0( 32, 64)= 0( 29, 64)= 0
     10 | (160,195)=10007(155,195)= 0(155,195)= 0(146,195)= 0(142,195)= 0(137,194)= 0(132,194)= 0(128,194)= 0(124,194)= 0(119,194)= 0
     11 | (118,208)=8061(114,208)= 0(114,208)= 0(107,208)= 0(103,208)= 0( 99,208)= 0( 95,208)= 0( 92,208)= 0( 88,207)= 0( 84,207)= 0
     12 | ( 92,104)=7224( 87,104)= 0( 87,104)= 0( 78,103)= 0( 74,103)= 0( 69,102)= 0( 65,102)= 0( 60,102)= 0( 56,101)= 0( 51,101)= 0
     13 | (133,154)=6685(130,154)= 0(130,154)= 0(125,154)= 0(122,154)= 0(119,153)= 0(117,153)= 0(114,153)= 0(111,153)= 0(109,153)= 0
     14 | ( 62, 21)=6328( -1, -1)=-4( -1, -1)=-4( -1, -1)=-4( -1, -1)=-4( -1, -1)=-4( -1, -1)=-4( -1, -1)=-4( -1, -1)=-4( -1, -1)=-4
     15 | (204,198)=6211(199,198)= 0(199,198)= 0(188,198)= 0(183,198)= 0(177,198)= 0(172,198)= 0(167,198)= 0(161,198)= 0(156,197)= 0
     16 | (183,115)=4869(181,114)= 0(181,114)= 0(177,113)= 0(174,113)= 0(172,113)= 0(169,113)= 0(165,113)= 0(162,113)= 0(158,113)= 0
     17 | (170,204)=4468(165,204)= 0(165,204)= 0(155,204)= 0(151,204)= 0(146,204)= 0(141,204)= 0(136,204)= 0(131,203)= 0(127,203)= 0
     18 | (111,131)=4337(108,131)= 0(108,131)= 0(102,131)= 0( 99,131)= 0( 97,131)= 0( 94,131)= 0( 91,131)= 0( 88,130)= 0( 85,130)= 0
     19 | ( 32, 71)=3534( 27, 71)= 0( 27, 71)= 0( -1, -1)=-4( -1, -1)=-4( -1, -1)=-4( -1, -1)=-4( -1, -1)=-4( -1, -1)=-4( -1, -1)=-4
     20 | (160,118)=3401(158,118)= 0(158,118)= 0(153,118)= 0(151,118)= 0(149,118)= 0(147,118)= 0(145,118)= 0(143,118)= 0(141,118)= 0
     21 | (121,115)=3281(118,115)= 0(118,115)= 0(112,115)= 0(110,115)= 0(107,115)= 0(104,115)= 0(101,115)= 0( 98,115)= 0( 96,115)= 0
     22 | ( 19, 66)=3236( -1, -1)=-4( -1, -1)=-4( -1, -1)=-4( -1, -1)=-4( -1, -1)=-4( -1, -1)=-4( -1, -1)=-4( -1, -1)=-4( -1, -1)=-4
     23 | ( 95, 42)=3223( 92, 42)= 0( 92, 42)= 0( 87, 42)= 0( 84, 42)= 0( 82, 42)= 0( 79, 42)= 0( 77, 42)= 0( 74, 42)= 0( 72, 42)= 0
     24 | ( 31,105)=3129( 26,105)= 0( 26,105)= 0( -1, -1)=-4( -1, -1)=-4( -1, -1)=-4( -1, -1)=-4( -1, -1)=-4( -1, -1)=-4( -1, -1)=-4
     25 | (203,187)=3114(198,187)= 0(198,187)= 0(188,187)= 0(182,187)= 0(177,187)= 0(172,187)= 0(167,187)= 0(162,186)= 0(157,186)= 0
     26 | (109, 58)=2749(106, 58)= 0(106, 58)= 0(101, 58)= 0( 98, 59)= 0( 96, 59)= 0( 93, 59)= 0( 91, 59)= 0( 89, 59)= 0( 86, 59)= 0
     27 | (169,129)=2406(165,129)= 0(165,129)= 0(158,130)= 0(154,130)= 0(150,130)= 0(147,130)= 0(143,130)= 0(140,130)= 0(136,130)= 0
     28 | (134,197)=2403( -1, -1)=-5( -1, -1)=-5( -1, -1)=-5( -1, -1)=-5( -1, -1)=-5( -1, -1)=-5( -1, -1)=-5( -1, -1)=-5( -1, -1)=-5
     29 | (193,117)=2375(190,117)= 0(190,117)= 0(183,117)= 0(180,117)= 0(177,118)= 0(174,118)= 0(171,118)= 0(168,118)= 0(164,118)= 0
     30 | (154,140)=2109(150,140)= 0(150,140)= 0(143,140)= 0(140,140)= 0(136,140)= 0(132,140)= 0(129,139)= 0(126,139)= 0(122,139)= 0
     31 | (134,168)=2068(131,168)= 0(131,168)= 0(126,168)= 0(123,168)= 0(120,168)= 0(117,168)= 0(114,168)= 0(110,168)= 0(107,168)= 0
     32 | (108, 40)=1968(105, 40)= 0(105, 40)= 0(100, 40)= 0( 97, 40)= 0( 94, 40)= 0( 92, 40)= 0( 89, 40)= 0( 87, 40)= 0( 84, 40)= 0
     33 | (131,133)=1936(128,133)= 0(128,133)= 0(123,133)= 0(120,132)= 0(117,132)= 0(115,132)= 0(112,132)= 0(110,132)= 0(107,131)= 0
     34 | (134,110)=1798(131,110)= 0(131,110)= 0(126,110)= 0(123,110)= 0(120,110)= 0(118,110)= 0(115,110)= 0(112,110)= 0(109,110)= 0
     35 | (139,183)=1697(135,183)= 0(135,183)= 0(128,184)= 0(124,184)= 0(120,184)= 0(116,185)= 0(112,185)= 0(109,184)= 0(105,184)= 0
     36 | ( 83, 10)=1686( -1, -1)=-4( -1, -1)=-4( -1, -1)=-4( -1, -1)=-4( -1, -1)=-4( -1, -1)=-4( -1, -1)=-4( -1, -1)=-4( -1, -1)=-4
     37 | ( 72, 18)=1610( -1, -1)=-4( -1, -1)=-4( -1, -1)=-4( -1, -1)=-4( -1, -1)=-4( -1, -1)=-4( -1, -1)=-4( -1, -1)=-4( -1, -1)=-4
     38 | (208,158)=1228(204,158)= 0(204,158)= 0(195,158)= 0(191,158)= 0(187,158)= 0(183,158)= 0(179,158)= 0(174,158)= 0(170,158)= 0
     39 | (190,182)=1143(186,182)= 0(186,182)= 0(177,182)= 0(173,181)= 0(168,181)= 0(164,181)= 0(160,181)= 0(155,181)= 0(151,181)= 0
     40 | (131,143)=1086(128,143)= 0(128,143)= 0(123,142)= 0(120,142)= 0(117,142)= 0(115,142)= 0(112,142)= 0(109,141)= 0(107,141)= 0
     41 | (203,115)=1065(199,115)= 0(199,115)= 0(191,115)= 0(187,115)= 0(183,115)= 0(179,115)= 0(176,115)= 0(172,115)= 0(168,115)= 0
     42 | (187,204)=984( -1, -1)=-4( -1, -1)=-4( -1, -1)=-4( -1, -1)=-4( -1, -1)=-4( -1, -1)=-4( -1, -1)=-4( -1, -1)=-4( -1, -1)=-4
     43 | (195,172)=879(191,172)= 0(191,172)= 0(182,172)= 0(177,172)= 0(173,172)= 0(169,172)= 0(164,172)= 0(160,172)= 0(156,171)= 0
     44 | (197,127)=819(193,127)= 0(193,127)= 0(186,127)= 0(182,127)= 0(178,127)= 0(174,127)= 0(171,126)= 0(167,126)= 0(163,126)= 0
     45 | (141,207)=810(137,207)= 0(137,207)= 0(128,207)= 0(124,206)= 0(120,206)= 0(115,206)= 0(111,206)= 0(107,206)= 0(103,205)= 0
     46 | (209,132)=775(205,132)= 0(205,132)= 0(197,132)= 0(193,132)= 0(188,132)= 0(184,132)= 0(180,132)= 0(176,132)= 0(172,132)= 0
     47 | (158,205)=522(153,205)= 0(153,205)= 0(144,205)= 0(139,205)= 0(135,204)= 0(130,204)= 0(125,204)= 0(121,204)= 0(116,204)= 0
     48 | (206,208)=492(200,208)= 0(200,208)= 0( -1, -1)=-4( -1, -1)=-4( -1, -1)=-4( -1, -1)=-4( -1, -1)=-4( -1, -1)=-4( -1, -1)=-4
     49 | ( 79,109)=376( 74,109)= 0( 74,109)= 0( 65,109)= 0( 60,109)= 0( 55,108)= 0( 50,108)= 0( 46,108)= 0( 41,108)= 0( 37,108)= 0
     50 | ( 76, 69)=359( 72, 69)= 0( 72, 69)= 0( 63, 69)= 0( 58, 69)= 0( 54, 69)= 0( 49, 68)= 0( 44, 68)= 0( 40, 68)= 0( 36, 68)= 0
     51 | ( 90, 31)=344( 87, 31)= 0( 87, 31)= 0( 82, 31)= 0( 79, 31)= 0( 77, 31)= 0( 74, 31)= 0( 72, 31)= 0( 69, 31)= 0( 66, 31)= 0
     52 | (208,176)=309(204,176)= 0(204,176)= 0(195,176)= 0(191,176)= 0(186,176)= 0(182,176)= 0(178,176)= 0(173,176)= 0(169,176)= 0
     53 | (141,142)=299(138,142)= 0(138,142)= 0(133,142)= 0(131,142)= 0(128,142)= 0(124,142)= 0(121,142)= 0(118,141)= 0(116,139)= 0
     54 | (185,155)=286(181,155)= 0(181,155)= 0(172,155)= 0(168,155)= 0(164,155)= 0(160,154)= 0(156,154)= 0(152,154)= 0(147,154)= 0
     55 | (183,125)=280(179,125)= 0(179,125)= 0(172,125)= 0(169,125)= 0(165,125)= 0(162,125)= 0(159,125)= 0(155,125)= 0(151,125)= 0
     56 | (110,158)=226(107,158)= 0(107,158)= 0(101,158)= 0( 99,158)= 0( 96,158)= 0( 93,157)= 0( 90,157)= 0( 87,157)= 0( 84,157)= 0
     57 | (102, 95)=222( 99, 95)= 0( 99, 95)= 0( 93, 95)= 0( 90, 95)= 0( 87, 95)= 0( 85, 95)= 0( 82, 95)= 0( 79, 95)= 0( 76, 95)= 0
     58 | (124,197)=214(120,197)= 0(120,197)= 0(113,198)= 0(109,198)= 0(106,198)= 0(102,198)= 0( 98,198)= 0( 94,198)= 0( 91,198)= 0
     59 | (196,156)=203(192,156)= 0(192,156)= 0(183,156)= 0(179,156)= 0(175,155)= 0(171,155)= 0(167,155)= 0(163,155)= 0(159,155)= 0
     60 | ( 16, 56)=202( -1, -1)=-4( -1, -1)=-4( -1, -1)=-4( -1, -1)=-4( -1, -1)=-4( -1, -1)=-4( -1, -1)=-4( -1, -1)=-4( -1, -1)=-4
     61 | ( 62, 10)=190( -1, -1)=-4( -1, -1)=-4( -1, -1)=-4( -1, -1)=-4( -1, -1)=-4( -1, -1)=-4( -1, -1)=-4( -1, -1)=-4( -1, -1)=-4
     62 | ( 10, 76)=188( -1, -1)=-4( -1, -1)=-4( -1, -1)=-4( -1, -1)=-4( -1, -1)=-4( -1, -1)=-4( -1, -1)=-4( -1, -1)=-4( -1, -1)=-4
     63 | (149,186)=184(145,186)= 0(145,186)= 0(137,185)= 0(133,185)= 0(129,185)= 0(125,185)= 0(121,185)= 0(117,185)= 0(113,184)= 0
     64 | (120,173)=174(117,173)= 0(117,173)= 0(112,173)= 0(109,173)= 0(106,173)= 0(103,172)= 0(101,172)= 0( 98,172)= 0( 95,172)= 0
     65 | (141,132)=172(138,132)= 0(138,132)= 0(133,132)= 0(130,131)= 0(129,132)= 0(127,132)= 0(125,132)= 0(123,132)= 0(120,132)= 0
     66 | ( 65,109)=171( 60,109)= 0( 60,109)= 0( 51,109)= 0( 46,109)= 0( 41,108)= 0( 37,108)= 0( 32,108)= 0( 28,108)= 0( -1, -1)=-4
     67 | (147,197)=163(143,197)= 0(143,197)= 0(134,196)= 0(131,196)= 0(126,196)= 0(122,196)= 0(118,195)= 0(114,195)= 0(110,195)= 0
     68 | (149,153)=159(145,152)= 0(145,152)= 0(138,152)= 0(135,152)= 0(131,151)= 0(128,151)= 0(124,151)= 0(121,150)= 0(117,150)= 0
     69 | (155,176)=158(151,176)= 0(151,176)= 0(143,175)= 0(140,175)= 0(136,175)= 0(132,175)= 0(128,174)= 0(124,174)= 0(121,174)= 0
     70 | (209,148)=155(205,148)= 0(205,148)= 0(197,148)= 0(192,148)= 0(188,148)= 0(184,148)= 0(180,148)= 0(176,148)= 0(172,148)= 0
     71 | ( 54,109)=136( 49,109)= 0( 49,109)= 0( 40,109)= 0( 35,109)= 0( 31,108)= 0( 26,108)= 0( -1, -1)=-4( -1, -1)=-4( -1, -1)=-4
     72 | (195,137)=134(191,138)= 0(191,138)= 0(183,138)= 0(179,137)= 0(175,138)= 0(171,138)= 0(167,138)= 0(163,138)= 0(159,138)= 0
     73 | (193,192)=124(188,192)= 0(188,192)= 0(178,192)= 0(173,192)= 0(169,192)= 0(164,192)= 0(159,192)= 0(154,192)= 0(149,192)= 0
     74 | (100, 25)=109( 97, 25)= 0( 97, 25)= 0( 92, 25)= 0( 89, 25)= 0( 86, 25)= 0( 84, 25)= 0( 81, 25)= 0( 78, 25)= 0( 76, 25)= 0
     75 | (183,192)=92(178,192)= 0(178,192)= 0(169,192)= 0(164,192)= 0(160,192)= 0(155,192)= 0(150,192)= 0(146,191)= 0(141,191)= 0
     76 | (120,155)=88(117,155)= 0(117,155)= 0(111,155)= 0(109,155)= 0(106,155)= 0(103,155)= 0(100,155)= 0( 98,155)= 0( 95,154)= 0
     77 | (164,139)=76(160,139)= 0(160,139)= 0(153,139)= 0(149,139)= 0(145,139)= 0(142,139)= 0(138,139)= 0(134,139)= 0(131,139)= 0
     78 | (145,172)=67(141,172)= 0(141,172)= 0(134,172)= 0(130,173)= 0(126,173)= 0(122,173)= 0(118,173)= 0(114,174)= 0(111,174)= 0
     79 | (110,171)=66(107,171)= 0(107,171)= 0(101,171)= 0( 98,171)= 0( 96,170)= 0( 93,170)= 0( 90,170)= 0( 87,170)= 0( 84,170)= 0
     80 | (171,119)=64(168,118)= 0(168,118)= 0(163,117)= 0(161,116)= 0(158,116)= 0(155,115)= 0(153,115)= 0(150,114)= 0(147,114)= 0
     81 | (144,112)=63(142,112)= 0(142,112)= 0(138,112)= 0(135,112)= 0(133,112)= 0(131,112)= 0(129,112)= 0(127,112)= 0(125,112)= 0
     82 | ( 54, 74)=54( 50, 74)= 0( 50, 74)= 0( 40, 74)= 0( 36, 74)= 0( 31, 74)= 0( 27, 74)= 0( -1, -1)=-4( -1, -1)=-4( -1, -1)=-4
     83 | (177,140)=50(173,140)= 0(173,140)= 0(165,140)= 0(162,140)= 0(158,140)= 0(154,140)= 0(150,140)= 0(146,140)= 0(143,140)= 0
     84 | (165,170)=49(161,170)= 0(161,170)= 0(153,169)= 0(150,168)= 0(146,168)= 0(142,167)= 0(138,167)= 0(134,167)= 0(131,166)= 0
     85 | ( 96, 80)=46( 92, 80)= 0( 92, 80)= 0( 83, 79)= 0( 80, 79)= 0( 77, 79)= 0( 74, 79)= 0( 71, 79)= 0( 68, 79)= 0( 66, 79)= 0
     86 | (173,160)=43(169,160)= 0(169,160)= 0(161,159)= 0(157,159)= 0(154,158)= 0(150,158)= 0(146,157)= 0(142,157)= 0(139,157)= 0
     87 | ( 52, 53)=40( 50, 52)= 0( 50, 52)= 0( 44, 54)= 0( 41, 55)= 0( 39, 54)= 0( 36, 54)= 0( 34, 55)= 0( 31, 57)= 0( 28, 58)= 0
     88 | (121,125)=38(118,125)= 0(118,125)= 0(112,125)= 0(110,125)= 0(107,125)= 0(104,125)= 0(101,125)= 0( 98,125)= 0( 95,125)= 0
     89 | (159,154)=31(155,154)= 0(155,154)= 0(148,154)= 0(144,154)= 0(140,154)= 0(137,154)= 0(133,153)= 0(129,154)= 0(125,153)= 0
     90 | ( 57, 31)=30( 53, 34)= 0( 53, 34)= 0( 49, 32)= 0( 46, 33)= 0( 43, 33)= 0( 41, 33)= 0( 38, 33)= 0( 36, 32)= 0( 34, 31)= 0
     91 | (175,173)=27(171,173)= 0(171,173)= 0(162,173)= 0(158,173)= 0(154,172)= 0(149,172)= 0(145,173)= 0(141,172)= 0(136,172)= 0
     92 | (106, 85)=26(103, 85)= 0(103, 85)= 0( 97, 85)= 0( 94, 85)= 0( 92, 85)= 0( 89, 85)= 0( 87, 85)= 0( 84, 85)= 0( 81, 85)= 0
     93 | (155,166)=24(151,166)= 0(151,166)= 0(143,166)= 0(140,166)= 0(136,166)= 0(132,166)= 0(128,165)= 0(124,166)= 0(120,165)= 0
     94 | ( 54, 41)=20( 51, 41)= 0( 51, 41)= 0( 46, 41)= 0( 44, 40)= 0( 41, 42)= 0( 38, 42)= 0( 36, 42)= 0( 34, 40)= 0( 31, 41)= 0
     95 | ( 10, 10)=18( -1, -1)=-4( -1, -1)=-4( -1, -1)=-4( -1, -1)=-4( -1, -1)=-4( -1, -1)=-4( -1, -1)=-4( -1, -1)=-4( -1, -1)=-4
     96 | ( 66, 70)=17( 62, 70)= 0( 62, 70)= 0( 53, 70)= 0( 49, 70)= 0( 45, 70)= 0( 42, 70)= 0( 39, 70)= 0( 36, 70)= 0( 32, 70)= 0
     97 | ( 20, 76)=16( -1, -1)=-4( -1, -1)=-4( -1, -1)=-4( -1, -1)=-4( -1, -1)=-4( -1, -1)=-4( -1, -1)=-4( -1, -1)=-4( -1, -1)=-4
     98 | ( 10, 86)=14( -1, -1)=-4( -1, -1)=-4( -1, -1)=-4( -1, -1)=-4( -1, -1)=-4( -1, -1)=-4( -1, -1)=-4( -1, -1)=-4( -1, -1)=-4
     99 | ( 93, 15)=13( -1, -1)=-4( -1, -1)=-4( -1, -1)=-4( -1, -1)=-4( -1, -1)=-4( -1, -1)=-4( -1, -1)=-4( -1, -1)=-4( -1, -1)=-4
    100 | (185,165)=13(181,165)= 0(181,165)= 0(172,165)= 0(168,165)= 0(163,165)= 0(159,165)= 0(155,165)= 0(151,165)= 0(146,165)= 0
    101 | ( 41,109)=13( 36,109)= 0( 36,109)= 0( 27,109)= 0( -1, -1)=-4( -1, -1)=-4( -1, -1)=-4( -1, -1)=-4( -1, -1)=-4( -1, -1)=-4
    102 | (175,150)=13(171,150)= 0(171,150)= 0(163,150)= 0(159,150)= 0(156,150)= 0(152,150)= 0(148,150)= 0(144,150)= 0(140,150)= 0
    103 | ( 99, 52)=11( 96, 52)= 0( 96, 52)= 0( 91, 52)= 0( 88, 52)= 0( 85, 52)= 0( 83, 52)= 0( 80, 52)= 0( 77, 52)= 0( 75, 52)= 0
    104 | ( 42, 68)=11( 38, 68)= 0( 38, 68)= 0( 31, 68)= 0( 27, 67)= 0( -1, -1)=-4( -1, -1)=-4( -1, -1)=-4( -1, -1)=-4( -1, -1)=-4
    105 | ( 10, 97)= 8( -1, -1)=-4( -1, -1)=-4( -1, -1)=-4( -1, -1)=-4( -1, -1)=-4( -1, -1)=-4( -1, -1)=-4( -1, -1)=-4( -1, -1)=-4
    106 | ( 10, 44)= 7( -1, -1)=-4( -1, -1)=-4( -1, -1)=-4( -1, -1)=-4( -1, -1)=-4( -1, -1)=-4( -1, -1)=-4( -1, -1)=-4( -1, -1)=-4
    107 | ( 33, 87)= 6( 28, 87)= 0( 28, 87)= 0( -1, -1)=-4( -1, -1)=-4( -1, -1)=-4( -1, -1)=-4( -1, -1)=-4( -1, -1)=-4( -1, -1)=-4
    108 | ( 18, 22)= 5( -1, -1)=-4( -1, -1)=-4( -1, -1)=-4( -1, -1)=-4( -1, -1)=-4( -1, -1)=-4( -1, -1)=-4( -1, -1)=-4( -1, -1)=-4
    109 | (108, 13)= 4( -1, -1)=-4( -1, -1)=-4( -1, -1)=-4( -1, -1)=-4( -1, -1)=-4( -1, -1)=-4( -1, -1)=-4( -1, -1)=-4( -1, -1)=-4
    110 | ( 10, 34)= 4( -1, -1)=-4( -1, -1)=-4( -1, -1)=-4( -1, -1)=-4( -1, -1)=-4( -1, -1)=-4( -1, -1)=-4( -1, -1)=-4( -1, -1)=-4
    111 | (110,181)= 3(106,181)= 0(106,181)= 0(101,181)= 0( 97,181)= 0( 93,181)= 0( 90,181)= 0( 86,181)= 0( 86,180)= 0( 82,180)= 0
    112 | ( 39, 44)= 3( 38, 41)= 0( 38, 41)= 0( 34, 40)= 0( 32, 40)= 0( 29, 38)= 0( 29, 41)= 0( 27, 37)= 0( 25, 33)= 0( -1, -1)=-4
    113 | ( 37, 10)= 3( -1, -1)=-4( -1, -1)=-4( -1, -1)=-4( -1, -1)=-4( -1, -1)=-4( -1, -1)=-4( -1, -1)=-4( -1, -1)=-4( -1, -1)=-4
    114 | ( 10,107)= 3( -1, -1)=-4( -1, -1)=-4( -1, -1)=-4( -1, -1)=-4( -1, -1)=-4( -1, -1)=-4( -1, -1)=-4( -1, -1)=-4( -1, -1)=-4
    115 | ( 48, 16)= 2( -1, -1)=-4( -1, -1)=-4( -1, -1)=-4( -1, -1)=-4( -1, -1)=-4( -1, -1)=-4( -1, -1)=-4( -1, -1)=-4( -1, -1)=-4
    116 | ( 41, 32)= 2( 40, 30)= 0( 40, 30)= 0( 37, 30)= 0( 35, 31)= 0( 33, 31)= 0( 32, 31)= 0( 30, 31)= 0( 30, 32)= 0( 29, 30)= 0
    117 | ( 22, 46)= 2( -1, -1)=-4( -1, -1)=-4( -1, -1)=-4( -1, -1)=-4( -1, -1)=-4( -1, -1)=-4( -1, -1)=-4( -1, -1)=-4( -1, -1)=-4
    118 | ( 80, 30)= 2( -1, -1)=-3( -1, -1)=-3( -1, -1)=-3( -1, -1)=-3( -1, -1)=-3( -1, -1)=-3( -1, -1)=-3( -1, -1)=-3( -1, -1)=-3
    119 | ( 41, 54)= 2( 38, 52)= 0( 38, 52)= 0( 36, 52)= 0( 35, 53)= 0( 33, 53)= 0( 31, 51)= 0( 29, 50)= 0( 26, 49)= 0( 24, 46)= 0
    120 | ( 71, 90)= 2( -1, -1)=-3( -1, -1)=-3( -1, -1)=-3( -1, -1)=-3( -1, -1)=-3( -1, -1)=-3( -1, -1)=-3( -1, -1)=-3( -1, -1)=-3
    121 | ( 37, 21)= 1( -1, -1)=-4( -1, -1)=-4( -1, -1)=-4( -1, -1)=-4( -1, -1)=-4( -1, -1)=-4( -1, -1)=-4( -1, -1)=-4( -1, -1)=-4
    122 | ( 23, 10)= 1( -1, -1)=-4( -1, -1)=-4( -1, -1)=-4( -1, -1)=-4( -1, -1)=-4( -1, -1)=-4( -1, -1)=-4( -1, -1)=-4( -1, -1)=-4
    123 | ( 25, 35)= 1( -1, -1)=-3( -1, -1)=-3( -1, -1)=-3( -1, -1)=-3( -1, -1)=-3( -1, -1)=-3( -1, -1)=-3( -1, -1)=-3( -1, -1)=-3
    124 | ( 76, 80)= 1( 71, 81)= 0( 71, 81)= 0( 62, 80)= 0( 57, 79)= 0( 53, 79)= 0( 48, 79)= 0( 43, 76)= 0( 39, 76)= 0( 34, 76)= 0
    125 | ( 56, 87)= 1( 50, 86)= 0( 50, 86)= 0( 40, 85)= 0( 35, 85)= 0( 32, 83)= 0( 30, 80)= 0( -1, -1)=-4( -1, -1)=-4( -1, -1)=-4
    126 | ( 23, 91)= 1( -1, -1)=-4( -1, -1)=-4( -1, -1)=-4( -1, -1)=-4( -1, -1)=-4( -1, -1)=-4( -1, -1)=-4( -1, -1)=-4( -1, -1)=-4
    127 | ( 31, 56)= 1( 30, 55)= 0( 30, 55)= 0( 26, 53)= 0( 25, 56)= 0( -1, -1)=-4( -1, -1)=-4( -1, -1)=-4( -1, -1)=-4( -1, -1)=-4
    128 | ( 81, 96)= 1( 76, 97)= 0( 76, 97)= 0( 67, 90)= 0( 62, 91)= 0( 58, 92)= 0( 53, 94)= 0( -1, -1)=-3( -1, -1)=-3( -1, -1)=-3
    129 | ( 20,102)= 1( -1, -1)=-4( -1, -1)=-4( -1, -1)=-4( -1, -1)=-4( -1, -1)=-4( -1, -1)=-4( -1, -1)=-4( -1, -1)=-4( -1, -1)=-4
    130 | ( -1, -1)=-1( -1, -1)=-1( -1, -1)=-1( -1, -1)=-1( -1, -1)=-1( -1, -1)=-1( -1, -1)=-1( -1, -1)=-1( -1, -1)=-1( -1, -1)=-1
    131 | ( -1, -1)=-1( -1, -1)=-1( -1, -1)=-1( -1, -1)=-1( -1, -1)=-1( -1, -1)=-1( -1, -1)=-1( -1, -1)=-1( -1, -1)=-1( -1, -1)=-1
    132 | ( -1, -1)=-1( -1, -1)=-1( -1, -1)=-1( -1, -1)=-1( -1, -1)=-1( -1, -1)=-1( -1, -1)=-1( -1, -1)=-1( -1, -1)=-1( -1, -1)=-1
    133 | ( -1, -1)=-1( -1, -1)=-1( -1, -1)=-1( -1, -1)=-1( -1, -1)=-1( -1, -1)=-1( -1, -1)=-1( -1, -1)=-1( -1, -1)=-1( -1, -1)=-1
    134 | ( -1, -1)=-1( -1, -1)=-1( -1, -1)=-1( -1, -1)=-1( -1, -1)=-1( -1, -1)=-1( -1, -1)=-1( -1, -1)=-1( -1, -1)=-1( -1, -1)=-1
    135 | ( -1, -1)=-1( -1, -1)=-1( -1, -1)=-1( -1, -1)=-1( -1, -1)=-1( -1, -1)=-1( -1, -1)=-1( -1, -1)=-1( -1, -1)=-1( -1, -1)=-1
    136 | ( -1, -1)=-1( -1, -1)=-1( -1, -1)=-1( -1, -1)=-1( -1, -1)=-1( -1, -1)=-1( -1, -1)=-1( -1, -1)=-1( -1, -1)=-1( -1, -1)=-1
    137 | ( -1, -1)=-1( -1, -1)=-1( -1, -1)=-1( -1, -1)=-1( -1, -1)=-1( -1, -1)=-1( -1, -1)=-1( -1, -1)=-1( -1, -1)=-1( -1, -1)=-1
    138 | ( -1, -1)=-1( -1, -1)=-1( -1, -1)=-1( -1, -1)=-1( -1, -1)=-1( -1, -1)=-1( -1, -1)=-1( -1, -1)=-1( -1, -1)=-1( -1, -1)=-1
    139 | ( -1, -1)=-1( -1, -1)=-1( -1, -1)=-1( -1, -1)=-1( -1, -1)=-1( -1, -1)=-1( -1, -1)=-1( -1, -1)=-1( -1, -1)=-1( -1, -1)=-1
    140 | ( -1, -1)=-1( -1, -1)=-1( -1, -1)=-1( -1, -1)=-1( -1, -1)=-1( -1, -1)=-1( -1, -1)=-1( -1, -1)=-1( -1, -1)=-1( -1, -1)=-1
    141 | ( -1, -1)=-1( -1, -1)=-1( -1, -1)=-1( -1, -1)=-1( -1, -1)=-1( -1, -1)=-1( -1, -1)=-1( -1, -1)=-1( -1, -1)=-1( -1, -1)=-1
    142 | ( -1, -1)=-1( -1, -1)=-1( -1, -1)=-1( -1, -1)=-1( -1, -1)=-1( -1, -1)=-1( -1, -1)=-1( -1, -1)=-1( -1, -1)=-1( -1, -1)=-1
    143 | ( -1, -1)=-1( -1, -1)=-1( -1, -1)=-1( -1, -1)=-1( -1, -1)=-1( -1, -1)=-1( -1, -1)=-1( -1, -1)=-1( -1, -1)=-1( -1, -1)=-1
    144 | ( -1, -1)=-1( -1, -1)=-1( -1, -1)=-1( -1, -1)=-1( -1, -1)=-1( -1, -1)=-1( -1, -1)=-1( -1, -1)=-1( -1, -1)=-1( -1, -1)=-1
    145 | ( -1, -1)=-1( -1, -1)=-1( -1, -1)=-1( -1, -1)=-1( -1, -1)=-1( -1, -1)=-1( -1, -1)=-1( -1, -1)=-1( -1, -1)=-1( -1, -1)=-1
    146 | ( -1, -1)=-1( -1, -1)=-1( -1, -1)=-1( -1, -1)=-1( -1, -1)=-1( -1, -1)=-1( -1, -1)=-1( -1, -1)=-1( -1, -1)=-1( -1, -1)=-1
    147 | ( -1, -1)=-1( -1, -1)=-1( -1, -1)=-1( -1, -1)=-1( -1, -1)=-1( -1, -1)=-1( -1, -1)=-1( -1, -1)=-1( -1, -1)=-1( -1, -1)=-1
    148 | ( -1, -1)=-1( -1, -1)=-1( -1, -1)=-1( -1, -1)=-1( -1, -1)=-1( -1, -1)=-1( -1, -1)=-1( -1, -1)=-1( -1, -1)=-1( -1, -1)=-1
    149 | ( -1, -1)=-1( -1, -1)=-1( -1, -1)=-1( -1, -1)=-1( -1, -1)=-1( -1, -1)=-1( -1, -1)=-1( -1, -1)=-1( -1, -1)=-1( -1, -1)=-1
