Feel free to place comments here.


!!!!!!!!!!!!!!!!!!!!!!!!!!!!!!!!!!!!!!!!!!!!!!!!!!!!!!!!!!!!!!!!!!!!!!!!!
!!! Warning:  This is a KLT data file.  Do not modify below this line !!!

------------------------------
KLT Feature Table
------------------------------

nFrames = 10, nFeatures = 150

feature |          frame
        |                 0                 1                 2                 3                 4                 5                 6                 7                 8                 9
--------+-------------------------------------------------------------------------------------------------------------------------------------------------------------------------------------
      0 | (  86.0,  71.0)=30785(  81.3,  70.9)= 0(  81.0,  71.0)= 0(  72.1,  70.9)= 0(  67.5,  70.8)= 0(  63.1,  70.7)= 0(  58.6,  70.7)= 0(  54.3,  70.5)= 0(  49.9,  70.3)= 0(  45.6,  70.1)= 0
      1 | (  83.0,  20.0)=18064(  -1.0,  -1.0)=-4(  -1.0,  -1.0)=-4(  -1.0,  -1.0)=-4(  -1.0,  -1.0)=-4(  -1.0,  -1.0)=-4(  -1.0,  -1.0)=-4(  -1.0,  -1.0)=-4(  -1.0,  -1.0)=-4(  -1.0,  -1.0)=-4
      2 | ( 150.0, 122.0)=16856( 147.8, 122.0)= 0( 148.0, 122.0)= 0( 143.5, 121.9)= 0( 141.3, 121.8)= 0( 139.2, 121.8)= 0( 137.1, 121.7)= 0( 135.0, 121.6)= 0( 132.9, 121.6)= 0( 130.7, 121.6)= 0
      3 | ( 138.0, 122.0)=15954( 135.4, 122.0)= 0( 135.0, 122.0)= 0( 130.3, 122.1)= 0( 127.8, 122.1)= 0( 125.3, 122.1)= 0( 122.8, 122.2)= 0( 120.5, 122.3)= 0( 118.0, 122.4)= 0( 115.6, 122.4)= 0
      4 | ( 173.0, 189.0)=15545( 168.3, 188.9)= 0( 168.0, 189.0)= 0( 158.9, 188.6)= 0( 154.3, 188.5)= 0( 149.7, 188.3)= 0( 145.2, 188.1)= 0( 140.7, 187.9)= 0( 136.1, 187.7)= 0( 131.5, 187.6)= 0
      5 | ( 111.0, 112.0)=15398( 108.0, 112.0)= 0( 108.0, 112.0)= 0( 102.1, 111.9)= 0(  99.2, 111.8)= 0(  96.3, 111.7)= 0(  93.5, 111.7)= 0(  90.6, 111.6)= 0(  87.8, 111.5)= 0(  84.9, 111.5)= 0
      6 | ( 112.0, 141.0)=14339( 109.1, 140.9)= 0( 109.0, 141.0)= 0( 103.3, 140.8)= 0( 100.4, 140.7)= 0(  97.5, 140.6)= 0(  94.6, 140.5)= 0(  91.8, 140.5)= 0(  89.0, 140.4)= 0(  86.2, 140.3)= 0
      7 | (  92.0,  90.0)=13192(  87.4,  89.9)= 0(  87.0,  90.0)= 0(  78.2,  89.9)= 0(  73.6,  89.9)= 0(  69.1,  89.9)= 0(  64.7,  89.9)= 0(  60.3,  89.8)= 0(  55.9,  89.8)= 0(  51.6,  89.7)= 0
      8 | ( 111.0, 112.0)=15398( 108.0, 112.0)= 0( 108.0, 112.0)= 0( 102.1, 111.9)= 0(  99.2, 111.8)= 0(  96.3, 111.7)= 0(  93.5, 111.7)= 0(  90.6, 111.6)= 0(  87.8, 111.5)= 0(  84.9, 111.5)= 0
      9 | (  52.0,  64.0)=10204(  49.5,  63.9)= 0(  50.0,  64.0)= 0(  44.3,  63.9)= 0(  41.7,  63.8)= 0(  39.1,  63.8)= 0(  36.6,  63.7)= 0(  34.1,  63.7)= 0(  31.6,  63.7)= 0(  29.0,  63.7)= 0
     10 | ( 160.0, 195.0)=10007( 155.4, 194.9)= 0( 155.0, 195.0)= 0( 146.1, 194.7)= 0( 141.5, 194.5)= 0( 136.9, 194.4)= 0( 132.4, 194.3)= 0( 127.9, 194.1)= 0( 123.5, 193.9)= 0( 119.0, 193.8)= 0
     11 | ( 118.0, 208.0)=8061( 114.2, 208.0)= 0( 114.0, 208.0)= 0( 106.6, 207.8)= 0( 102.8, 207.8)= 0(  99.1, 207.7)= 0(  95.4, 207.7)= 0(  91.7, 207.5)= 0(  87.9, 207.4)= 0(  84.2, 207.3)= 0
     12 | (  92.0, 104.0)=7224(  87.4, 103.6)= 0(  87.0, 104.0)= 0(  78.1, 102.9)= 0(  73.6, 102.6)= 0(  69.1, 102.2)= 0(  64.6, 101.9)= 0(  60.1, 101.6)= 0(  55.7, 101.4)= 0(  51.3, 101.4)= 0
     13 | ( 133.0, 154.0)=6685( 130.2, 153.9)= 0( 130.0, 154.0)= 0( 124.7, 153.7)= 0( 121.9, 153.5)= 0( 119.2, 153.3)= 0( 116.5, 153.2)= 0( 113.9, 153.1)= 0( 111.2, 152.9)= 0( 108.6, 152.8)= 0
     14 | (  62.0,  21.0)=6328(  -1.0,  -1.0)=-4(  -1.0,  -1.0)=-4(  -1.0,  -1.0)=-4(  -1.0,  -1.0)=-4(  -1.0,  -1.0)=-4(  -1.0,  -1.0)=-4(  -1.0,  -1.0)=-4(  -1.0,  -1.0)=-4(  -1.0,  -1.0)=-4
     15 | ( 204.0, 198.0)=6211( 198.6, 198.0)= 0( 199.0, 198.0)= 0( 188.0, 198.0)= 0( 182.5, 197.8)= 0( 177.3, 197.8)= 0( 171.9, 197.6)= 0( 166.6, 197.6)= 0( 161.3, 197.5)= 0( 156.1, 197.4)= 0
     16 | ( 183.0, 115.0)=4869( 180.8, 114.3)= 0( 181.0, 114.0)= 0( 176.5, 113.2)= 0( 174.3, 113.1)= 0( 171.6, 113.1)= 0( 168.5, 113.2)= 0( 165.2, 113.3)= 0( 161.6, 113.2)= 0( 158.1, 113.2)= 0
     17 | ( 170.0, 204.0)=4468( 165.1, 203.9)= 0( 165.0, 204.0)= 0( 155.3, 203.9)= 0( 150.5, 203.8)= 0( 145.7, 203.8)= 0( 140.9, 203.7)= 0( 136.1, 203.6)= 0( 131.4, 203.4)= 0( 126.6, 203.3)= 0
     18 | ( 111.0, 131.0)=4337( 108.1, 131.0)= 0( 108.0, 131.0)= 0( 102.3, 130.9)= 0(  99.4, 130.9)= 0(  96.5, 130.8)= 0(  93.6, 130.7)= 0(  90.8, 130.5)= 0(  87.9, 130.4)= 0(  85.1, 130.3)= 0
     19 | (  32.0,  71.0)=3534(  27.4,  70.9)= 0(  27.0,  71.0)= 0(  -1.0,  -1.0)=-4(  -1.0,  -1.0)=-4(  -1.0,  -1.0)=-4(  -1.0,  -1.0)=-4(  -1.0,  -1.0)=-4(  -1.0,  -1.0)=-4(  -1.0,  -1.0)=-4
     20 | ( 160.0, 118.0)=3401( 157.8, 117.9)= 0( 158.0, 118.0)= 0( 153.4, 117.8)= 0( 151.3, 117.8)= 0( 149.2, 117.7)= 0( 147.0, 117.7)= 0( 145.0, 117.6)= 0( 142.9, 117.6)= 0( 140.8, 117.5)= 0
     21 | ( 121.0, 115.0)=3281( 118.1, 115.0)= 0( 118.0, 115.0)= 0( 112.4, 114.9)= 0( 109.6, 114.9)= 0( 106.7, 114.9)= 0( 103.9, 114.8)= 0( 101.0, 114.7)= 0(  98.3, 114.7)= 0(  95.6, 114.7)= 0
     22 | (  19.0,  66.0)=3236(  -1.0,  -1.0)=-4(  -1.0,  -1.0)=-4(  -1.0,  -1.0)=-4(  -1.0,  -1.0)=-4(  -1.0,  -1.0)=-4(  -1.0,  -1.0)=-4(  -1.0,  -1.0)=-4(  -1.0,  -1.0)=-4(  -1.0,  -1.0)=-4
     23 | (  95.0,  42.0)=3223(  92.2,  41.9)= 0(  92.0,  42.0)= 0(  86.7,  41.7)= 0(  84.1,  41.6)= 0(  81.5,  41.7)= 0(  79.0,  41.8)= 0(  76.5,  41.8)= 0(  74.0,  41.9)= 0(  71.5,  42.0)= 0
     24 | (  31.0, 105.0)=3129(  26.3, 104.8)= 0(  26.0, 105.0)= 0(  -1.0,  -1.0)=-4(  -1.0,  -1.0)=-4(  -1.0,  -1.0)=-4(  -1.0,  -1.0)=-4(  -1.0,  -1.0)=-4(  -1.0,  -1.0)=-4(  -1.0,  -1.0)=-4
     25 | ( 203.0, 187.0)=3114( 197.9, 187.0)= 0( 198.0, 187.0)= 0( 187.6, 186.9)= 0( 182.4, 186.8)= 0( 177.4, 186.7)= 0( 172.3, 186.6)= 0( 167.1, 186.5)= 0( 162.0, 186.4)= 0( 156.9, 186.3)= 0
     26 | ( 109.0,  58.0)=2749( 106.3,  58.0)= 0( 106.0,  58.0)= 0( 100.8,  58.3)= 0(  98.1,  58.5)= 0(  95.6,  58.7)= 0(  93.2,  58.8)= 0(  90.8,  58.8)= 0(  88.5,  58.9)= 0(  86.3,  58.9)= 0
     27 | ( 169.0, 129.0)=2406( 164.9, 129.2)= 0( 165.0, 129.0)= 0( 157.8, 129.8)= 0( 154.2, 130.0)= 0( 150.4, 130.0)= 0( 146.8, 129.8)= 0( 143.2, 129.7)= 0( 139.6, 129.7)= 0( 136.0, 129.6)= 0
     28 | ( 134.0, 197.0)=2403(  -1.0,  -1.0)=-5(  -1.0,  -1.0)=-5(  -1.0,  -1.0)=-5(  -1.0,  -1.0)=-5(  -1.0,  -1.0)=-5(  -1.0,  -1.0)=-5(  -1.0,  -1.0)=-5(  -1.0,  -1.0)=-5(  -1.0,  -1.0)=-5
     29 | ( 193.0, 117.0)=2375( 189.6, 117.0)= 0( 190.0, 117.0)= 0( 182.8, 117.0)= 0( 179.9, 117.2)= 0( 177.0, 117.5)= 0( 174.2, 117.7)= 0( 171.2, 117.9)= 0( 167.6, 117.8)= 0( 163.7, 117.8)= 0
     30 | ( 154.0, 140.0)=2109( 150.3, 140.0)= 0( 150.0, 140.0)= 0( 143.1, 139.9)= 0( 139.6, 139.7)= 0( 135.9, 139.6)= 0( 132.4, 139.5)= 0( 129.0, 139.3)= 0( 125.5, 139.1)= 0( 122.1, 138.8)= 0
     31 | ( 134.0, 168.0)=2068( 131.3, 167.9)= 0( 131.0, 168.0)= 0( 125.8, 167.7)= 0( 123.0, 167.6)= 0( 120.2, 167.6)= 0( 117.1, 167.6)= 0( 113.7, 167.7)= 0( 110.3, 167.9)= 0( 106.7, 168.2)= 0
     32 | ( 108.0,  40.0)=1968( 105.4,  40.0)= 0( 105.0,  40.0)= 0(  99.8,  39.8)= 0(  97.1,  39.8)= 0(  94.4,  39.7)= 0(  91.8,  39.7)= 0(  89.1,  39.6)= 0(  86.5,  39.6)= 0(  83.9,  39.6)= 0
     33 | ( 131.0, 133.0)=1936( 128.2, 132.9)= 0( 128.0, 133.0)= 0( 122.9, 132.5)= 0( 120.2, 132.4)= 0( 117.4, 132.2)= 0( 114.9, 131.9)= 0( 112.2, 131.7)= 0( 109.6, 131.5)= 0( 107.0, 131.2)= 0
     34 | ( 134.0, 110.0)=1798( 131.2, 109.9)= 0( 131.0, 110.0)= 0( 125.6, 109.9)= 0( 122.9, 109.9)= 0( 120.2, 109.9)= 0( 117.5, 109.9)= 0( 114.8, 109.9)= 0( 112.1, 109.9)= 0( 109.4, 109.9)= 0
     35 | ( 139.0, 183.0)=1697( 135.2, 183.3)= 0( 135.0, 183.0)= 0( 127.5, 183.8)= 0( 123.7, 184.0)= 0( 119.9, 184.3)= 0( 116.0, 184.5)= 0( 112.3, 184.6)= 0( 108.7, 184.4)= 0( 105.0, 184.4)= 0
     36 | (  83.0,  10.0)=1686(  -1.0,  -1.0)=-4(  -1.0,  -1.0)=-4(  -1.0,  -1.0)=-4(  -1.0,  -1.0)=-4(  -1.0,  -1.0)=-4(  -1.0,  -1.0)=-4(  -1.0,  -1.0)=-4(  -1.0,  -1.0)=-4(  -1.0,  -1.0)=-4
     37 | (  72.0,  18.0)=1610(  -1.0,  -1.0)=-4(  -1.0,  -1.0)=-4(  -1.0,  -1.0)=-4(  -1.0,  -1.0)=-4(  -1.0,  -1.0)=-4(  -1.0,  -1.0)=-4(  -1.0,  -1.0)=-4(  -1.0,  -1.0)=-4(  -1.0,  -1.0)=-4
     38 | ( 208.0, 158.0)=1228( 203.7, 158.1)= 0( 204.0, 158.0)= 0( 195.2, 158.0)= 0( 191.1, 158.0)= 0( 186.8, 158.0)= 0( 182.7, 158.0)= 0( 178.5, 158.0)= 0( 174.3, 157.9)= 0( 170.2, 157.9)= 0
     39 | ( 190.0, 182.0)=1143( 185.6, 181.8)= 0( 186.0, 182.0)= 0( 176.9, 181.5)= 0( 172.5, 181.4)= 0( 168.2, 181.2)= 0( 163.8, 181.1)= 0( 159.6, 180.9)= 0( 155.3, 180.7)= 0( 151.0, 180.6)= 0
     40 | ( 131.0, 143.0)=1086( 128.2, 142.8)= 0( 128.0, 143.0)= 0( 122.7, 142.4)= 0( 120.1, 142.2)= 0( 117.3, 142.1)= 0( 114.7, 141.8)= 0( 112.1, 141.5)= 0( 109.4, 141.3)= 0( 106.8, 141.0)= 0
     41 | ( 203.0, 115.0)=1065( 199.1, 114.9)= 0( 199.0, 115.0)= 0( 191.1, 114.8)= 0( 187.1, 114.9)= 0( 183.2, 114.8)= 0( 179.3, 114.7)= 0( 175.6, 114.7)= 0( 171.7, 114.6)= 0( 167.7, 114.6)= 0
     42 | ( 187.0, 204.0)=984(  -1.0,  -1.0)=-4(  -1.0,  -1.0)=-4(  -1.0,  -1.0)=-4(  -1.0,  -1.0)=-4(  -1.0,  -1.0)=-4(  -1.0,  -1.0)=-4(  -1.0,  -1.0)=-4(  -1.0,  -1.0)=-4(  -1.0,  -1.0)=-4
     43 | ( 195.0, 172.0)=879( 190.6, 172.0)= 0( 191.0, 172.0)= 0( 181.8, 171.9)= 0( 177.4, 171.8)= 0( 173.1, 171.7)= 0( 168.7, 171.6)= 0( 164.4, 171.6)= 0( 160.2, 171.5)= 0( 155.8, 171.4)= 0
     44 | ( 197.0, 127.0)=819( 193.2, 127.0)= 0( 193.0, 127.0)= 0( 185.6, 126.8)= 0( 181.8, 126.8)= 0( 178.0, 126.6)= 0( 174.3, 126.5)= 0( 170.6, 126.4)= 0( 166.9, 126.4)= 0( 163.1, 126.2)= 0
     45 | ( 141.0, 207.0)=810( 136.7, 206.9)= 0( 137.0, 207.0)= 0( 128.0, 206.5)= 0( 123.8, 206.3)= 0( 119.5, 206.2)= 0( 115.2, 205.9)= 0( 111.2, 205.7)= 0( 106.9, 205.5)= 0( 102.7, 205.3)= 0
     46 | ( 209.0, 132.0)=775( 204.9, 132.0)= 0( 205.0, 132.0)= 0( 196.6, 132.0)= 0( 192.5, 132.0)= 0( 188.4, 132.0)= 0( 184.2, 131.9)= 0( 180.2, 132.0)= 0( 176.1, 131.9)= 0( 172.1, 131.9)= 0
     47 | ( 158.0, 205.0)=522( 153.4, 204.9)= 0( 153.0, 205.0)= 0( 143.9, 204.6)= 0( 139.1, 204.6)= 0( 134.5, 204.4)= 0( 129.9, 204.3)= 0( 125.3, 204.2)= 0( 120.7, 204.0)= 0( 116.0, 203.8)= 0
     48 | ( 206.0, 208.0)=492( 200.2, 208.1)= 0( 200.0, 208.0)= 0(  -1.0,  -1.0)=-4(  -1.0,  -1.0)=-4(  -1.0,  -1.0)=-4(  -1.0,  -1.0)=-4(  -1.0,  -1.0)=-4(  -1.0,  -1.0)=-4(  -1.0,  -1.0)=-4
     49 | (  79.0, 109.0)=376(  74.2, 108.9)= 0(  74.0, 109.0)= 0(  64.5, 108.6)= 0(  59.8, 108.5)= 0(  54.9, 108.3)= 0(  50.4, 108.2)= 0(  46.2, 108.0)= 0(  41.3, 107.9)= 0(  36.5, 107.7)= 0
     50 | (  76.0,  69.0)=359(  71.6,  68.9)= 0(  72.0,  69.0)= 0(  62.7,  68.8)= 0(  58.4,  68.7)= 0(  53.7,  68.5)= 0(  48.9,  68.4)= 0(  44.3,  68.2)= 0(  39.8,  68.1)= 0(  35.5,  68.0)= 0
     51 | (  90.0,  31.0)=344(  87.2,  30.9)= 0(  87.0,  31.0)= 0(  81.9,  30.9)= 0(  79.3,  30.9)= 0(  76.7,  30.9)= 0(  74.1,  30.9)= 0(  71.5,  30.9)= 0(  68.9,  30.9)= 0(  66.3,  30.8)= 0
     52 | ( 208.0, 176.0)=309( 203.6, 176.0)= 0( 204.0, 176.0)= 0( 194.9, 176.0)= 0( 190.7, 176.0)= 0( 186.2, 176.0)= 0( 182.0, 176.0)= 0( 177.8, 175.9)= 0( 173.4, 175.9)= 0( 169.0, 175.8)= 0
     53 | ( 141.0, 142.0)=299( 138.3, 142.0)= 0( 138.0, 142.0)= 0( 133.1, 142.0)= 0( 130.5, 142.0)= 0( 127.6, 142.0)= 0( 124.4, 142.0)= 0( 121.3, 141.7)= 0( 118.2, 141.0)= 0( 115.7, 138.9)= 0
     54 | ( 185.0, 155.0)=286( 180.8, 154.9)= 0( 181.0, 155.0)= 0( 172.3, 154.6)= 0( 168.1, 154.6)= 0( 163.9, 154.5)= 0( 159.8, 154.4)= 0( 155.6, 154.2)= 0( 151.5, 154.1)= 0( 147.4, 154.0)= 0
     55 | ( 183.0, 125.0)=280( 179.4, 125.0)= 0( 179.0, 125.0)= 0( 172.3, 125.1)= 0( 168.8, 125.1)= 0( 165.3, 125.1)= 0( 161.9, 125.1)= 0( 158.5, 125.0)= 0( 154.9, 125.0)= 0( 151.4, 125.0)= 0
     56 | ( 110.0, 158.0)=226( 106.9, 158.0)= 0( 107.0, 158.0)= 0( 101.4, 157.7)= 0(  98.8, 157.6)= 0(  95.9, 157.5)= 0(  93.0, 157.4)= 0(  90.1, 157.3)= 0(  87.2, 157.2)= 0(  84.4, 157.1)= 0
     57 | ( 102.0,  95.0)=222(  98.8,  95.0)= 0(  99.0,  95.0)= 0(  93.0,  94.9)= 0(  90.2,  94.8)= 0(  87.3,  94.8)= 0(  84.6,  94.8)= 0(  81.7,  94.7)= 0(  78.9,  94.7)= 0(  76.1,  94.6)= 0
     58 | ( 124.0, 197.0)=214( 120.1, 197.3)= 0( 120.0, 197.0)= 0( 112.7, 197.5)= 0( 109.1, 197.5)= 0( 105.5, 197.5)= 0( 101.8, 197.8)= 0(  97.8, 198.2)= 0(  94.2, 198.2)= 0(  90.8, 198.1)= 0
     59 | ( 196.0, 156.0)=203( 191.8, 155.9)= 0( 192.0, 156.0)= 0( 183.4, 155.7)= 0( 179.3, 155.6)= 0( 175.2, 155.4)= 0( 171.0, 155.4)= 0( 166.9, 155.2)= 0( 162.7, 155.0)= 0( 158.6, 155.0)= 0
     60 | (  16.0,  56.0)=202(  -1.0,  -1.0)=-4(  -1.0,  -1.0)=-4(  -1.0,  -1.0)=-4(  -1.0,  -1.0)=-4(  -1.0,  -1.0)=-4(  -1.0,  -1.0)=-4(  -1.0,  -1.0)=-4(  -1.0,  -1.0)=-4(  -1.0,  -1.0)=-4
     61 | (  62.0,  10.0)=190(  -1.0,  -1.0)=-4(  -1.0,  -1.0)=-4(  -1.0,  -1.0)=-4(  -1.0,  -1.0)=-4(  -1.0,  -1.0)=-4(  -1.0,  -1.0)=-4(  -1.0,  -1.0)=-4(  -1.0,  -1.0)=-4(  -1.0,  -1.0)=-4
     62 | (  10.0,  76.0)=188(  -1.0,  -1.0)=-4(  -1.0,  -1.0)=-4(  -1.0,  -1.0)=-4(  -1.0,  -1.0)=-4(  -1.0,  -1.0)=-4(  -1.0,  -1.0)=-4(  -1.0,  -1.0)=-4(  -1.0,  -1.0)=-4(  -1.0,  -1.0)=-4
     63 | ( 149.0, 186.0)=184( 145.0, 185.8)= 0( 145.0, 186.0)= 0( 136.9, 185.4)= 0( 132.8, 185.3)= 0( 128.8, 185.1)= 0( 124.8, 184.8)= 0( 120.8, 184.8)= 0( 116.8, 184.5)= 0( 112.9, 184.2)= 0
     64 | ( 120.0, 173.0)=174( 117.0, 173.0)= 0( 117.0, 173.0)= 0( 111.5, 172.7)= 0( 108.8, 172.5)= 0( 105.9, 172.5)= 0( 103.0, 172.4)= 0( 100.5, 172.3)= 0(  97.5, 172.2)= 0(  94.5, 172.2)= 0
     65 | ( 141.0, 132.0)=172( 138.3, 131.9)= 0( 138.0, 132.0)= 0( 133.1, 131.6)= 0( 130.4, 131.3)= 0( 129.0, 131.9)= 0( 127.3, 131.6)= 0( 125.3, 131.9)= 0( 122.9, 132.2)= 0( 120.3, 131.6)= 0
     66 | (  65.0, 109.0)=171(  60.3, 108.9)= 0(  60.0, 109.0)= 0(  50.8, 108.7)= 0(  46.1, 108.6)= 0(  41.4, 108.4)= 0(  36.8, 108.3)= 0(  32.1, 108.1)= 0(  27.6, 108.0)= 0(  -1.0,  -1.0)=-4
     67 | ( 147.0, 197.0)=163( 142.7, 196.8)= 0( 143.0, 197.0)= 0( 134.4, 196.4)= 0( 130.5, 196.1)= 0( 126.3, 195.9)= 0( 122.3, 195.6)= 0( 118.3, 195.4)= 0( 114.2, 195.2)= 0( 110.3, 194.9)= 0
     68 | ( 149.0, 153.0)=159( 145.4, 152.4)= 0( 145.0, 152.0)= 0( 138.1, 152.3)= 0( 134.5, 152.0)= 0( 131.2, 151.4)= 0( 127.6, 151.0)= 0( 124.2, 150.6)= 0( 120.6, 150.4)= 0( 117.1, 150.3)= 0
     69 | ( 155.0, 176.0)=158( 150.9, 175.8)= 0( 151.0, 176.0)= 0( 143.2, 175.3)= 0( 139.6, 175.0)= 0( 135.7, 174.8)= 0( 131.9, 174.7)= 0( 128.3, 174.4)= 0( 124.1, 174.3)= 0( 120.5, 174.0)= 0
     70 | ( 209.0, 148.0)=155( 204.9, 148.0)= 0( 205.0, 148.0)= 0( 196.6, 148.1)= 0( 192.4, 148.1)= 0( 188.3, 148.1)= 0( 184.3, 148.1)= 0( 180.1, 148.1)= 0( 176.0, 148.2)= 0( 172.0, 148.2)= 0
     71 | (  54.0, 109.0)=136(  49.2, 108.9)= 0(  49.0, 109.0)= 0(  39.8, 108.7)= 0(  35.0, 108.5)= 0(  30.5, 108.4)= 0(  25.9, 108.3)= 0(  -1.0,  -1.0)=-4(  -1.0,  -1.0)=-4(  -1.0,  -1.0)=-4
     72 | ( 195.0, 137.0)=134( 190.8, 137.5)= 0( 191.0, 138.0)= 0( 182.7, 137.6)= 0( 178.8, 137.3)= 0( 174.7, 137.7)= 0( 170.6, 137.8)= 0( 166.8, 137.5)= 0( 162.7, 137.7)= 0( 158.7, 137.6)= 0
     73 | ( 193.0, 192.0)=124( 187.9, 192.0)= 0( 188.0, 192.0)= 0( 178.2, 191.9)= 0( 173.2, 191.9)= 0( 168.5, 191.8)= 0( 163.6, 191.8)= 0( 158.7, 191.7)= 0( 153.9, 191.6)= 0( 149.0, 191.5)= 0
     74 | ( 100.0,  25.0)=109(  97.1,  24.9)= 0(  97.0,  25.0)= 0(  91.7,  25.0)= 0(  88.8,  24.9)= 0(  86.3,  25.0)= 0(  83.6,  25.0)= 0(  81.0,  25.0)= 0(  78.3,  24.9)= 0(  75.7,  25.0)= 0
     75 | ( 183.0, 192.0)=92( 178.3, 191.9)= 0( 178.0, 192.0)= 0( 169.2, 191.7)= 0( 164.3, 191.7)= 0( 159.7, 191.6)= 0( 155.0, 191.5)= 0( 150.4, 191.5)= 0( 145.7, 191.3)= 0( 141.2, 191.2)= 0
     76 | ( 120.0, 155.0)=88( 117.0, 155.0)= 0( 117.0, 155.0)= 0( 111.4, 154.8)= 0( 108.8, 154.6)= 0( 106.0, 154.6)= 0( 103.1, 154.6)= 0( 100.4, 154.5)= 0(  97.6, 154.5)= 0(  94.8, 154.4)= 0
     77 | ( 164.0, 139.0)=76( 160.0, 139.3)= 0( 160.0, 139.0)= 0( 152.6, 139.1)= 0( 149.1, 139.0)= 0( 145.3, 139.1)= 0( 141.7, 138.9)= 0( 138.2, 138.9)= 0( 134.3, 138.9)= 0( 130.6, 138.9)= 0
     78 | ( 145.0, 172.0)=67( 141.3, 171.7)= 0( 141.0, 172.0)= 0( 133.7, 171.8)= 0( 129.7, 172.5)= 0( 125.9, 172.7)= 0( 122.1, 172.9)= 0( 118.3, 173.3)= 0( 114.4, 173.8)= 0( 110.6, 174.1)= 0
     79 | ( 110.0, 171.0)=66( 106.6, 171.0)= 0( 107.0, 171.0)= 0( 100.7, 170.8)= 0(  98.3, 170.5)= 0(  95.7, 170.4)= 0(  92.5, 170.4)= 0(  89.6, 170.3)= 0(  86.8, 170.3)= 0(  84.2, 170.1)= 0
     80 | ( 171.0, 119.0)=64( 168.2, 118.4)= 0( 168.0, 118.0)= 0( 163.0, 117.2)= 0( 160.8, 116.4)= 0( 158.0, 115.9)= 0( 155.3, 115.3)= 0( 152.6, 114.8)= 0( 149.8, 114.2)= 0( 147.0, 113.8)= 0
     81 | ( 144.0, 112.0)=63( 141.8, 111.9)= 0( 142.0, 112.0)= 0( 137.5, 111.8)= 0( 135.4, 112.1)= 0( 133.3, 112.0)= 0( 131.1, 111.7)= 0( 129.1, 111.9)= 0( 126.9, 111.7)= 0( 124.8, 111.7)= 0
     82 | (  54.0,  74.0)=54(  49.5,  73.9)= 0(  50.0,  74.0)= 0(  40.2,  73.8)= 0(  35.5,  73.7)= 0(  31.0,  73.6)= 0(  26.6,  73.6)= 0(  -1.0,  -1.0)=-4(  -1.0,  -1.0)=-4(  -1.0,  -1.0)=-4
     83 | ( 177.0, 140.0)=50( 172.9, 139.9)= 0( 173.0, 140.0)= 0( 165.1, 139.9)= 0( 161.5, 140.1)= 0( 157.5, 140.2)= 0( 153.8, 140.2)= 0( 150.2, 140.0)= 0( 146.4, 139.9)= 0( 142.6, 139.9)= 0
     84 | ( 165.0, 170.0)=49( 160.9, 169.9)= 0( 161.0, 170.0)= 0( 153.3, 168.8)= 0( 149.6, 168.1)= 0( 145.7, 167.8)= 0( 141.9, 167.4)= 0( 138.0, 167.0)= 0( 134.1, 166.7)= 0( 130.5, 166.1)= 0
     85 | (  96.0,  80.0)=46(  91.5,  79.6)= 0(  92.0,  80.0)= 0(  82.6,  79.0)= 0(  79.7,  79.0)= 0(  76.7,  78.9)= 0(  73.6,  78.8)= 0(  71.2,  78.9)= 0(  68.1,  78.9)= 0(  65.6,  78.8)= 0
     86 | ( 173.0, 160.0)=43( 168.7, 159.7)= 0( 169.0, 160.0)= 0( 161.1, 159.0)= 0( 157.4, 158.5)= 0( 153.5, 158.2)= 0( 149.9, 157.8)= 0( 146.3, 157.4)= 0( 142.2, 157.4)= 0( 138.5, 157.0)= 0
     87 | (  52.0,  53.0)=40(  49.6,  51.6)= 0(  50.0,  52.0)= 0(  43.9,  54.0)= 0(  41.3,  54.7)= 0(  38.8,  53.7)= 0(  36.3,  53.8)= 0(  33.6,  54.9)= 0(  30.8,  56.5)= 0(  28.2,  57.5)= 0
     88 | ( 121.0, 125.0)=38( 118.0, 124.9)= 0( 118.0, 125.0)= 0( 112.3, 124.7)= 0( 109.5, 124.7)= 0( 106.8, 124.8)= 0( 103.7, 124.8)= 0( 100.9, 124.7)= 0(  98.2, 124.8)= 0(  95.3, 124.6)= 0
     89 | ( 159.0, 154.0)=31( 154.9, 154.3)= 0( 155.0, 154.0)= 0( 147.5, 153.7)= 0( 144.1, 153.7)= 0( 140.1, 153.8)= 0( 136.5, 153.6)= 0( 132.8, 153.4)= 0( 129.0, 153.5)= 0( 125.3, 153.3)= 0
     90 | (  57.0,  31.0)=30(  53.4,  34.4)= 0(  53.0,  34.0)= 0(  48.8,  32.4)= 0(  46.0,  33.2)= 0(  43.4,  33.2)= 0(  41.0,  32.8)= 0(  38.4,  33.0)= 0(  36.4,  31.5)= 0(  34.2,  30.6)= 0
     91 | ( 175.0, 173.0)=27( 170.9, 172.6)= 0( 171.0, 173.0)= 0( 162.2, 172.5)= 0( 157.8, 172.6)= 0( 153.7, 172.4)= 0( 149.3, 172.4)= 0( 144.8, 172.5)= 0( 140.7, 172.2)= 0( 136.4, 172.1)= 0
     92 | ( 106.0,  85.0)=26( 103.0,  84.9)= 0( 103.0,  85.0)= 0(  97.1,  84.8)= 0(  94.0,  84.8)= 0(  91.6,  84.8)= 0(  88.7,  84.8)= 0(  86.5,  84.8)= 0(  83.5,  84.7)= 0(  80.6,  84.7)= 0
     93 | ( 155.0, 166.0)=24( 151.1, 166.1)= 0( 151.0, 166.0)= 0( 143.2, 166.0)= 0( 139.8, 165.7)= 0( 135.6, 165.6)= 0( 132.1, 165.6)= 0( 128.3, 165.4)= 0( 124.2, 165.6)= 0( 120.4, 165.4)= 0
     94 | (  54.0,  41.0)=20(  51.3,  41.4)= 0(  51.0,  41.0)= 0(  46.2,  40.5)= 0(  43.8,  40.1)= 0(  40.8,  41.7)= 0(  38.2,  42.4)= 0(  35.9,  41.5)= 0(  33.7,  40.0)= 0(  31.0,  40.8)= 0
     95 | (  10.0,  10.0)=18(  -1.0,  -1.0)=-4(  -1.0,  -1.0)=-4(  -1.0,  -1.0)=-4(  -1.0,  -1.0)=-4(  -1.0,  -1.0)=-4(  -1.0,  -1.0)=-4(  -1.0,  -1.0)=-4(  -1.0,  -1.0)=-4(  -1.0,  -1.0)=-4
     96 | (  66.0,  70.0)=17(  62.0,  69.9)= 0(  62.0,  70.0)= 0(  53.4,  69.8)= 0(  49.2,  69.8)= 0(  45.3,  69.7)= 0(  42.0,  69.6)= 0(  39.0,  69.6)= 0(  35.5,  69.5)= 0(  32.2,  69.5)= 0
     97 | (  20.0,  76.0)=16(  -1.0,  -1.0)=-4(  -1.0,  -1.0)=-4(  -1.0,  -1.0)=-4(  -1.0,  -1.0)=-4(  -1.0,  -1.0)=-4(  -1.0,  -1.0)=-4(  -1.0,  -1.0)=-4(  -1.0,  -1.0)=-4(  -1.0,  -1.0)=-4
     98 | (  10.0,  86.0)=14(  -1.0,  -1.0)=-4(  -1.0,  -1.0)=-4(  -1.0,  -1.0)=-4(  -1.0,  -1.0)=-4(  -1.0,  -1.0)=-4(  -1.0,  -1.0)=-4(  -1.0,  -1.0)=-4(  -1.0,  -1.0)=-4(  -1.0,  -1.0)=-4
     99 | (  93.0,  15.0)=13(  -1.0,  -1.0)=-4(  -1.0,  -1.0)=-4(  -1.0,  -1.0)=-4(  -1.0,  -1.0)=-4(  -1.0,  -1.0)=-4(  -1.0,  -1.0)=-4(  -1.0,  -1.0)=-4(  -1.0,  -1.0)=-4(  -1.0,  -1.0)=-4
    100 | ( 185.0, 165.0)=13( 180.5, 165.0)= 0( 181.0, 165.0)= 0( 171.9, 164.9)= 0( 167.8, 164.7)= 0( 163.1, 165.1)= 0( 158.9, 164.9)= 0( 154.7, 164.8)= 0( 150.5, 164.6)= 0( 146.3, 164.6)= 0
    101 | (  41.0, 109.0)=13(  36.0, 108.8)= 0(  36.0, 109.0)= 0(  26.6, 108.5)= 0(  -1.0,  -1.0)=-4(  -1.0,  -1.0)=-4(  -1.0,  -1.0)=-4(  -1.0,  -1.0)=-4(  -1.0,  -1.0)=-4(  -1.0,  -1.0)=-4
    102 | ( 175.0, 150.0)=13( 171.1, 149.7)= 0( 171.0, 150.0)= 0( 162.9, 150.3)= 0( 159.4, 149.9)= 0( 155.7, 149.8)= 0( 151.7, 150.0)= 0( 148.0, 149.7)= 0( 144.1, 149.7)= 0( 140.1, 150.0)= 0
    103 | (  99.0,  52.0)=11(  96.4,  52.2)= 0(  96.0,  52.0)= 0(  90.6,  51.8)= 0(  87.7,  51.5)= 0(  85.1,  51.6)= 0(  82.7,  51.7)= 0(  80.1,  51.6)= 0(  77.3,  51.5)= 0(  74.9,  51.7)= 0
    104 | (  42.0,  68.0)=11(  38.0,  67.9)= 0(  38.0,  68.0)= 0(  30.9,  67.5)= 0(  26.9,  67.4)= 0(  -1.0,  -1.0)=-4(  -1.0,  -1.0)=-4(  -1.0,  -1.0)=-4(  -1.0,  -1.0)=-4(  -1.0,  -1.0)=-4
    105 | (  10.0,  97.0)= 8(  -1.0,  -1.0)=-4(  -1.0,  -1.0)=-4(  -1.0,  -1.0)=-4(  -1.0,  -1.0)=-4(  -1.0,  -1.0)=-4(  -1.0,  -1.0)=-4(  -1.0,  -1.0)=-4(  -1.0,  -1.0)=-4(  -1.0,  -1.0)=-4
    106 | (  10.0,  44.0)= 7(  -1.0,  -1.0)=-4(  -1.0,  -1.0)=-4(  -1.0,  -1.0)=-4(  -1.0,  -1.0)=-4(  -1.0,  -1.0)=-4(  -1.0,  -1.0)=-4(  -1.0,  -1.0)=-4(  -1.0,  -1.0)=-4(  -1.0,  -1.0)=-4
    107 | (  33.0,  87.0)= 6(  28.4,  87.4)= 0(  28.0,  87.0)= 0(  -1.0,  -1.0)=-4(  -1.0,  -1.0)=-4(  -1.0,  -1.0)=-4(  -1.0,  -1.0)=-4(  -1.0,  -1.0)=-4(  -1.0,  -1.0)=-4(  -1.0,  -1.0)=-4
    108 | (  18.0,  22.0)= 5(  -1.0,  -1.0)=-4(  -1.0,  -1.0)=-4(  -1.0,  -1.0)=-4(  -1.0,  -1.0)=-4(  -1.0,  -1.0)=-4(  -1.0,  -1.0)=-4(  -1.0,  -1.0)=-4(  -1.0,  -1.0)=-4(  -1.0,  -1.0)=-4
    109 | ( 108.0,  13.0)= 4(  -1.0,  -1.0)=-4(  -1.0,  -1.0)=-4(  -1.0,  -1.0)=-4(  -1.0,  -1.0)=-4(  -1.0,  -1.0)=-4(  -1.0,  -1.0)=-4(  -1.0,  -1.0)=-4(  -1.0,  -1.0)=-4(  -1.0,  -1.0)=-4
    110 | (  10.0,  34.0)= 4(  -1.0,  -1.0)=-4(  -1.0,  -1.0)=-4(  -1.0,  -1.0)=-4(  -1.0,  -1.0)=-4(  -1.0,  -1.0)=-4(  -1.0,  -1.0)=-4(  -1.0,  -1.0)=-4(  -1.0,  -1.0)=-4(  -1.0,  -1.0)=-4
    111 | ( 110.0, 181.0)= 3( 106.3, 181.0)= 0( 106.0, 181.0)= 0( 100.5, 180.8)= 0(  97.3, 180.7)= 0(  93.2, 180.8)= 0(  89.9, 180.7)= 0(  86.2, 180.7)= 0(  85.6, 180.4)= 0(  81.6, 180.4)= 0
    112 | (  39.0,  44.0)= 3(  37.9,  40.9)= 0(  38.0,  41.0)= 0(  33.8,  40.1)= 0(  32.0,  40.3)= 0(  29.4,  37.7)= 0(  28.9,  41.1)= 0(  26.8,  36.8)= 0(  24.8,  33.0)= 0(  -1.0,  -1.0)=-4
    113 | (  37.0,  10.0)= 3(  -1.0,  -1.0)=-4(  -1.0,  -1.0)=-4(  -1.0,  -1.0)=-4(  -1.0,  -1.0)=-4(  -1.0,  -1.0)=-4(  -1.0,  -1.0)=-4(  -1.0,  -1.0)=-4(  -1.0,  -1.0)=-4(  -1.0,  -1.0)=-4
    114 | (  10.0, 107.0)= 3(  -1.0,  -1.0)=-4(  -1.0,  -1.0)=-4(  -1.0,  -1.0)=-4(  -1.0,  -1.0)=-4(  -1.0,  -1.0)=-4(  -1.0,  -1.0)=-4(  -1.0,  -1.0)=-4(  -1.0,  -1.0)=-4(  -1.0,  -1.0)=-4
    115 | (  48.0,  16.0)= 2(  -1.0,  -1.0)=-4(  -1.0,  -1.0)=-4(  -1.0,  -1.0)=-4(  -1.0,  -1.0)=-4(  -1.0,  -1.0)=-4(  -1.0,  -1.0)=-4(  -1.0,  -1.0)=-4(  -1.0,  -1.0)=-4(  -1.0,  -1.0)=-4
    116 | (  41.0,  32.0)= 2(  39.8,  30.1)= 0(  40.0,  30.0)= 0(  36.5,  29.5)= 0(  34.7,  31.2)= 0(  33.2,  31.3)= 0(  32.3,  31.1)= 0(  30.2,  30.8)= 0(  30.4,  32.1)= 0(  28.7,  29.8)= 0
    117 | (  22.0,  46.0)= 2(  -1.0,  -1.0)=-4(  -1.0,  -1.0)=-4(  -1.0,  -1.0)=-4(  -1.0,  -1.0)=-4(  -1.0,  -1.0)=-4(  -1.0,  -1.0)=-4(  -1.0,  -1.0)=-4(  -1.0,  -1.0)=-4(  -1.0,  -1.0)=-4
    118 | (  80.0,  30.0)= 2(  -1.0,  -1.0)=-3(  -1.0,  -1.0)=-3(  -1.0,  -1.0)=-3(  -1.0,  -1.0)=-3(  -1.0,  -1.0)=-3(  -1.0,  -1.0)=-3(  -1.0,  -1.0)=-3(  -1.0,  -1.0)=-3(  -1.0,  -1.0)=-3
    119 | (  41.0,  54.0)= 2(  38.0,  51.6)= 0(  38.0,  52.0)= 0(  35.6,  51.8)= 0(  35.4,  53.4)= 0(  33.1,  52.9)= 0(  30.9,  51.2)= 0(  28.6,  49.9)= 0(  26.4,  48.7)= 0(  24.4,  45.9)= 0
    120 | (  71.0,  90.0)= 2(  -1.0,  -1.0)=-3(  -1.0,  -1.0)=-3(  -1.0,  -1.0)=-3(  -1.0,  -1.0)=-3(  -1.0,  -1.0)=-3(  -1.0,  -1.0)=-3(  -1.0,  -1.0)=-3(  -1.0,  -1.0)=-3(  -1.0,  -1.0)=-3
    121 | (  37.0,  21.0)= 1(  -1.0,  -1.0)=-4(  -1.0,  -1.0)=-4(  -1.0,  -1.0)=-4(  -1.0,  -1.0)=-4(  -1.0,  -1.0)=-4(  -1.0,  -1.0)=-4(  -1.0,  -1.0)=-4(  -1.0,  -1.0)=-4(  -1.0,  -1.0)=-4
    122 | (  23.0,  10.0)= 1(  -1.0,  -1.0)=-4(  -1.0,  -1.0)=-4(  -1.0,  -1.0)=-4(  -1.0,  -1.0)=-4(  -1.0,  -1.0)=-4(  -1.0,  -1.0)=-4(  -1.0,  -1.0)=-4(  -1.0,  -1.0)=-4(  -1.0,  -1.0)=-4
    123 | (  25.0,  35.0)= 1(  -1.0,  -1.0)=-3(  -1.0,  -1.0)=-3(  -1.0,  -1.0)=-3(  -1.0,  -1.0)=-3(  -1.0,  -1.0)=-3(  -1.0,  -1.0)=-3(  -1.0,  -1.0)=-3(  -1.0,  -1.0)=-3(  -1.0,  -1.0)=-3
    124 | (  76.0,  80.0)= 1(  71.1,  81.0)= 0(  71.0,  81.0)= 0(  62.2,  80.1)= 0(  57.0,  78.8)= 0(  52.7,  79.2)= 0(  48.1,  79.0)= 0(  43.2,  76.4)= 0(  38.7,  76.1)= 0(  34.2,  75.5)= 0
    125 | (  56.0,  87.0)= 1(  50.4,  86.3)= 0(  50.0,  86.0)= 0(  40.3,  84.7)= 0(  35.2,  84.8)= 0(  32.2,  83.2)= 0(  30.1,  79.7)= 0(  -1.0,  -1.0)=-4(  -1.0,  -1.0)=-4(  -1.0,  -1.0)=-4
    126 | (  23.0,  91.0)= 1(  -1.0,  -1.0)=-4(  -1.0,  -1.0)=-4(  -1.0,  -1.0)=-4(  -1.0,  -1.0)=-4(  -1.0,  -1.0)=-4(  -1.0,  -1.0)=-4(  -1.0,  -1.0)=-4(  -1.0,  -1.0)=-4(  -1.0,  -1.0)=-4
    127 | (  31.0,  56.0)= 1(  29.5,  54.6)= 0(  30.0,  55.0)= 0(  26.0,  53.2)= 0(  24.7,  56.0)= 0(  -1.0,  -1.0)=-4(  -1.0,  -1.0)=-4(  -1.0,  -1.0)=-4(  -1.0,  -1.0)=-4(  -1.0,  -1.0)=-4
    128 | (  81.0,  96.0)= 1(  76.0,  96.5)= 0(  76.0,  97.0)= 0(  66.9,  90.0)= 0(  62.1,  91.3)= 0(  57.9,  91.6)= 0(  53.4,  94.2)= 0(  -1.0,  -1.0)=-3(  -1.0,  -1.0)=-3(  -1.0,  -1.0)=-3
    129 | (  20.0, 102.0)= 1(  -1.0,  -1.0)=-4(  -1.0,  -1.0)=-4(  -1.0,  -1.0)=-4(  -1.0,  -1.0)=-4(  -1.0,  -1.0)=-4(  -1.0,  -1.0)=-4(  -1.0,  -1.0)=-4(  -1.0,  -1.0)=-4(  -1.0,  -1.0)=-4
    130 | (  -1.0,  -1.0)=-1(  -1.0,  -1.0)=-1(  -1.0,  -1.0)=-1(  -1.0,  -1.0)=-1(  -1.0,  -1.0)=-1(  -1.0,  -1.0)=-1(  -1.0,  -1.0)=-1(  -1.0,  -1.0)=-1(  -1.0,  -1.0)=-1(  -1.0,  -1.0)=-1
    131 | (  -1.0,  -1.0)=-1(  -1.0,  -1.0)=-1(  -1.0,  -1.0)=-1(  -1.0,  -1.0)=-1(  -1.0,  -1.0)=-1(  -1.0,  -1.0)=-1(  -1.0,  -1.0)=-1(  -1.0,  -1.0)=-1(  -1.0,  -1.0)=-1(  -1.0,  -1.0)=-1
    132 | (  -1.0,  -1.0)=-1(  -1.0,  -1.0)=-1(  -1.0,  -1.0)=-1(  -1.0,  -1.0)=-1(  -1.0,  -1.0)=-1(  -1.0,  -1.0)=-1(  -1.0,  -1.0)=-1(  -1.0,  -1.0)=-1(  -1.0,  -1.0)=-1(  -1.0,  -1.0)=-1
    133 | (  -1.0,  -1.0)=-1(  -1.0,  -1.0)=-1(  -1.0,  -1.0)=-1(  -1.0,  -1.0)=-1(  -1.0,  -1.0)=-1(  -1.0,  -1.0)=-1(  -1.0,  -1.0)=-1(  -1.0,  -1.0)=-1(  -1.0,  -1.0)=-1(  -1.0,  -1.0)=-1
    134 | (  -1.0,  -1.0)=-1(  -1.0,  -1.0)=-1(  -1.0,  -1.0)=-1(  -1.0,  -1.0)=-1(  -1.0,  -1.0)=-1(  -1.0,  -1.0)=-1(  -1.0,  -1.0)=-1(  -1.0,  -1.0)=-1(  -1.0,  -1.0)=-1(  -1.0,  -1.0)=-1
    135 | (  -1.0,  -1.0)=-1(  -1.0,  -1.0)=-1(  -1.0,  -1.0)=-1(  -1.0,  -1.0)=-1(  -1.0,  -1.0)=-1(  -1.0,  -1.0)=-1(  -1.0,  -1.0)=-1(  -1.0,  -1.0)=-1(  -1.0,  -1.0)=-1(  -1.0,  -1.0)=-1
    136 | (  -1.0,  -1.0)=-1(  -1.0,  -1.0)=-1(  -1.0,  -1.0)=-1(  -1.0,  -1.0)=-1(  -1.0,  -1.0)=-1(  -1.0,  -1.0)=-1(  -1.0,  -1.0)=-1(  -1.0,  -1.0)=-1(  -1.0,  -1.0)=-1(  -1.0,  -1.0)=-1
    137 | (  -1.0,  -1.0)=-1(  -1.0,  -1.0)=-1(  -1.0,  -1.0)=-1(  -1.0,  -1.0)=-1(  -1.0,  -1.0)=-1(  -1.0,  -1.0)=-1(  -1.0,  -1.0)=-1(  -1.0,  -1.0)=-1(  -1.0,  -1.0)=-1(  -1.0,  -1.0)=-1
    138 | (  -1.0,  -1.0)=-1(  -1.0,  -1.0)=-1(  -1.0,  -1.0)=-1(  -1.0,  -1.0)=-1(  -1.0,  -1.0)=-1(  -1.0,  -1.0)=-1(  -1.0,  -1.0)=-1(  -1.0,  -1.0)=-1(  -1.0,  -1.0)=-1(  -1.0,  -1.0)=-1
    139 | (  -1.0,  -1.0)=-1(  -1.0,  -1.0)=-1(  -1.0,  -1.0)=-1(  -1.0,  -1.0)=-1(  -1.0,  -1.0)=-1(  -1.0,  -1.0)=-1(  -1.0,  -1.0)=-1(  -1.0,  -1.0)=-1(  -1.0,  -1.0)=-1(  -1.0,  -1.0)=-1
    140 | (  -1.0,  -1.0)=-1(  -1.0,  -1.0)=-1(  -1.0,  -1.0)=-1(  -1.0,  -1.0)=-1(  -1.0,  -1.0)=-1(  -1.0,  -1.0)=-1(  -1.0,  -1.0)=-1(  -1.0,  -1.0)=-1(  -1.0,  -1.0)=-1(  -1.0,  -1.0)=-1
    141 | (  -1.0,  -1.0)=-1(  -1.0,  -1.0)=-1(  -1.0,  -1.0)=-1(  -1.0,  -1.0)=-1(  -1.0,  -1.0)=-1(  -1.0,  -1.0)=-1(  -1.0,  -1.0)=-1(  -1.0,  -1.0)=-1(  -1.0,  -1.0)=-1(  -1.0,  -1.0)=-1
    142 | (  -1.0,  -1.0)=-1(  -1.0,  -1.0)=-1(  -1.0,  -1.0)=-1(  -1.0,  -1.0)=-1(  -1.0,  -1.0)=-1(  -1.0,  -1.0)=-1(  -1.0,  -1.0)=-1(  -1.0,  -1.0)=-1(  -1.0,  -1.0)=-1(  -1.0,  -1.0)=-1
    143 | (  -1.0,  -1.0)=-1(  -1.0,  -1.0)=-1(  -1.0,  -1.0)=-1(  -1.0,  -1.0)=-1(  -1.0,  -1.0)=-1(  -1.0,  -1.0)=-1(  -1.0,  -1.0)=-1(  -1.0,  -1.0)=-1(  -1.0,  -1.0)=-1(  -1.0,  -1.0)=-1
    144 | (  -1.0,  -1.0)=-1(  -1.0,  -1.0)=-1(  -1.0,  -1.0)=-1(  -1.0,  -1.0)=-1(  -1.0,  -1.0)=-1(  -1.0,  -1.0)=-1(  -1.0,  -1.0)=-1(  -1.0,  -1.0)=-1(  -1.0,  -1.0)=-1(  -1.0,  -1.0)=-1
    145 | (  -1.0,  -1.0)=-1(  -1.0,  -1.0)=-1(  -1.0,  -1.0)=-1(  -1.0,  -1.0)=-1(  -1.0,  -1.0)=-1(  -1.0,  -1.0)=-1(  -1.0,  -1.0)=-1(  -1.0,  -1.0)=-1(  -1.0,  -1.0)=-1(  -1.0,  -1.0)=-1
    146 | (  -1.0,  -1.0)=-1(  -1.0,  -1.0)=-1(  -1.0,  -1.0)=-1(  -1.0,  -1.0)=-1(  -1.0,  -1.0)=-1(  -1.0,  -1.0)=-1(  -1.0,  -1.0)=-1(  -1.0,  -1.0)=-1(  -1.0,  -1.0)=-1(  -1.0,  -1.0)=-1
    147 | (  -1.0,  -1.0)=-1(  -1.0,  -1.0)=-1(  -1.0,  -1.0)=-1(  -1.0,  -1.0)=-1(  -1.0,  -1.0)=-1(  -1.0,  -1.0)=-1(  -1.0,  -1.0)=-1(  -1.0,  -1.0)=-1(  -1.0,  -1.0)=-1(  -1.0,  -1.0)=-1
    148 | (  -1.0,  -1.0)=-1(  -1.0,  -1.0)=-1(  -1.0,  -1.0)=-1(  -1.0,  -1.0)=-1(  -1.0,  -1.0)=-1(  -1.0,  -1.0)=-1(  -1.0,  -1.0)=-1(  -1.0,  -1.0)=-1(  -1.0,  -1.0)=-1(  -1.0,  -1.0)=-1
    149 | (  -1.0,  -1.0)=-1(  -1.0,  -1.0)=-1(  -1.0,  -1.0)=-1(  -1.0,  -1.0)=-1(  -1.0,  -1.0)=-1(  -1.0,  -1.0)=-1(  -1.0,  -1.0)=-1(  -1.0,  -1.0)=-1(  -1.0,  -1.0)=-1(  -1.0,  -1.0)=-1
